# \tilde{\omega} \equiv \tau T(\tau) / (4 \pi \eta/s)
3.978873577297383467e-03
4.182751059398101198e-03
4.397132767742884668e-03
4.622456378425235206e-03
4.859318722481747663e-03
5.108356419684791788e-03
5.370126512335186668e-03
5.645305408941074347e-03
5.934609306746365699e-03
6.238714614259205371e-03
6.558417106195050562e-03
6.894512557269361075e-03
7.247796742197595843e-03
7.619224590638306455e-03
8.009671454778497304e-03
8.420132053012495746e-03
8.851601103734623929e-03
9.305192691546526965e-03
9.782060689785616187e-03
1.028331918305354191e-02
1.081028119963080639e-02
1.136425976779792228e-02
1.194664749330693818e-02
1.255883698190991653e-02
1.320241978303776653e-02
1.387894765738564157e-02
1.459017130932755042e-02
1.533784144323750015e-02
1.612382812969682597e-02
1.695012080549417391e-02
1.781870890741819174e-02
1.873182060467216969e-02
1.969172385519516247e-02
2.070084577186932437e-02
2.176165325631258113e-02
2.287681215382171562e-02
2.404914746463661726e-02
2.528152397773293647e-02
2.657708500323673756e-02
2.793901364000985973e-02
2.937077150806455261e-02
3.087586001614883030e-02
3.245809888289690609e-02
3.412138740441453266e-02
3.586994318669364107e-02
3.770810320193349052e-02
3.964044315474796187e-02
4.167193663710869189e-02
4.380739808604419000e-02
4.605227855835537093e-02
4.841214847705045676e-02
5.089297615249536999e-02
5.350112778241380984e-02
5.624257167717171269e-02
5.912486769656592756e-02
6.215477992567788879e-02
6.533986822430444541e-02
6.868809033960018851e-02
7.220780190607746507e-02
7.590815433296402293e-02
7.979829902948767928e-02
8.388738740487619583e-02
8.818616241778828857e-02
9.270536702688265962e-02
9.745574419081801110e-02
1.024500263050416859e-01
1.077001499902855708e-01
1.132192455293547784e-01
1.190208410924120941e-01
1.251200563990512715e-01
1.315320111688659810e-01
1.382722230088077597e-01
1.453581989626166471e-01
1.528070481866750929e-01
1.606374713867963488e-01
1.688693629308668787e-01
1.775230150741309854e-01
1.866199137339059899e-01
1.961835342642979652e-01
2.062369541320552557e-01
2.168052402407148471e-01
2.279154489306023657e-01
2.395950344294010825e-01
2.518730425142253759e-01
2.647801105116203146e-01
2.783488651849199136e-01
2.926127290721732277e-01
3.076075120355761250e-01
3.233710133741129478e-01
3.399422260488411118e-01
3.573625303449645130e-01
3.756752959844756878e-01
3.949266779008713812e-01
4.148095070539841167e-01
4.347038749404710245e-01
4.545982428269579878e-01
4.744926107134448956e-01
4.943869785999318034e-01
5.142813464864187667e-01
5.341757143729056745e-01
5.540700822593925823e-01
5.739644501458794901e-01
5.938588180323663979e-01
6.137531859188533057e-01
6.336475538053402135e-01
6.535419216918271212e-01
6.734362895783140290e-01
6.933306574648009368e-01
7.132250253512878446e-01
7.331193932377748634e-01
7.530137611242617712e-01
7.729081290107486790e-01
7.928024968972355868e-01
8.126968647837224946e-01
8.325912326702094024e-01
8.524856005566963102e-01
8.723799684431832180e-01
8.922743363296701258e-01
9.121687042161570336e-01
9.320630721026439414e-01
9.519574399891309602e-01
9.718518078756178680e-01
9.917461757621047758e-01
1.011640543648591573e+00
1.031534911535078480e+00
1.051429279421565388e+00
1.071323647308052518e+00
1.091218015194539426e+00
1.111112383081026334e+00
1.131006750967513241e+00
1.150901118854000149e+00
1.170795486740487057e+00
1.190689854626973965e+00
1.210584222513460873e+00
1.230478590399947780e+00
1.250372958286434688e+00
1.270267326172921596e+00
1.290161694059408504e+00
1.310056061945895411e+00
1.329950429832382319e+00
1.349844797718869227e+00
1.369739165605356135e+00
1.389633533491843043e+00
1.409527901378329950e+00
1.429422269264816858e+00
1.449316637151303766e+00
1.469211005037790674e+00
1.489105372924277582e+00
1.508999740810764711e+00
1.528894108697251619e+00
1.548788476583738527e+00
1.568682844470225435e+00
1.588577212356712343e+00
1.608471580243199250e+00
1.628365948129686158e+00
1.648260316016173066e+00
1.668154683902659752e+00
1.688049051789147104e+00
1.707943419675633789e+00
1.727837787562120697e+00
1.747732155448607605e+00
1.767626523335094291e+00
1.787520891221581643e+00
1.807415259108068328e+00
1.827309626994555236e+00
1.847203994881042144e+00
1.867098362767528830e+00
1.886992730654016404e+00
1.906887098540502867e+00
1.926781466426989775e+00
1.946675834313476905e+00
1.966570202199963369e+00
1.986464570086450943e+00
