# x_s \equiv \tau T_id/ (\eta/s)
0.08939
0.09345
0.09770
0.10214
0.10678
0.11163
0.11670
0.12200
0.12755
0.13334
0.13940
0.14574
0.15236
0.15929
0.16653
0.17410
0.18202
0.19030
0.19895
0.20800
0.21746
0.22735
0.23769
0.24850
0.25981
0.27163
0.28398
0.29691
0.31042
0.32455
0.33932
0.35477
0.37092
0.38781
0.40548
0.42394
0.44326
0.46345
0.48457
0.50665
0.52975
0.55390
0.57916
0.60557
0.63320
0.66209
0.69231
0.72391
0.75697
0.79154
0.82770
0.86553
0.90510
0.94648
0.98978
1.03507
1.08245
1.13201
1.18387
1.23813
1.29490
1.35429
1.41644
1.48148
1.54954
1.62076
1.69530
1.77332
1.85497
1.94044
2.02991
2.12357
2.22163
2.32429
2.43178
2.54434
2.66220
2.78564
2.91492
3.05034
3.19218
3.34078
3.49647
3.65959
3.83052
4.00966
4.19740
4.39418
4.60046
4.81672
5.04347
5.28122
5.53056
5.78748
6.04401
6.30003
6.55560
6.81076
7.06553
7.31996
7.57406
7.82787
8.08142
8.33471
8.58777
8.84062
9.09328
9.34574
9.59806
9.85021
10.10218
10.35405
10.60580
10.85744
11.10894
11.36035
11.61169
11.86291
12.11406
12.36513
12.61613
12.86708
13.11797
13.36879
13.61956
13.87027
14.12093
14.37154
14.62213
14.87266
15.12315
15.37365
15.62409
15.87450
16.12484
16.37521
16.62555
16.87585
17.12611
17.37640
17.62662
17.87685
18.12704
18.37726
18.62740
18.87756
19.12770
19.37783
19.62796
19.87809
20.12819
20.37826
20.62836
20.87840
21.12848
21.37852
21.62856
21.87862
22.12864
22.37864
22.62867
22.87868
23.12868
23.37868
23.62868
23.87868
24.12869
24.37866
24.62865
24.87860
25.12858
25.37854
25.62853
